23 30
373980901 982838150 6578323 638150706 936364478 553361706 182080545 710345260 340293478 567636267 753053272 846637935 274129270 79565007 616764766 354173799 362975596 626790147 255802599 33256111 184685630 997069656 21209014 
701865244 7794
513017332 3360
70935266 3425
14905686 4148
903581038 9074
303782658 6515
988098503 5706
910636084 78
601633213 2869
955030832 7296
1152614 7024
281483198 4530
362796802 2237
936374653 4781
770355654 9787
950751718 7678
361161463 7030
720940572 1669
650176098 4979
71571453 6469
824893153 6648
887841535 8515
155535769 5330
2560263 3061
530293011 3282
104158950 4138
743411254 5621
671154073 6964
810649409 5761
495851000 3196

