225 291
373980901 982838150 6578323 638150706 936364478 553361706 182080545 710345260 340293478 567636267 753053272 846637935 274129270 79565007 616764766 354173799 362975596 626790147 255802599 33256111 184685630 997069656 21209014 701865244 836844264 513017332 360825441 70935266 367784454 14905686 445409059 903581038 974220123 303782658 699521632 988098503 612709433 910636084 8405404 601633213 308112889 955030832 783365723 1152614 754196744 281483198 486357326 362796802 240204839 936374653 513341152 770355654 950751718 824366873 361161463 754787520 720940572 179218161 650176098 534576515 71571453 694548076 824893153 713761649 887841535 914220419 155535769 572330881 2560263 328683647 530293011 352457450 104158950 444299589 743411254 603531879 671154073 747695706 810649409 618596283 495851000 343155144 834797476 807010905 625521704 426750578 191083158 439439864 482702946 153424064 897027007 680048199 618662351 381830228 429270330 164957819 850182952 105127909 528291863 164136783 582456816 899681607 793812343 664912346 134365221 901317887 138461565 124378337 822191122 861952701 475020051 276479333 223623096 71051204 953240002 373160357 364448585 530805116 899930296 905814637 992429245 408986577 856876334 484210085 340206803 298421472 536444266 212250639 145122946 353394190 487772854 760558818 586986486 217944001 946671478 497823542 779528933 363010441 371980073 827601309 641808809 140100702 193405165 59072787 375666754 540870546 817077447 593959729 551824078 462222223 915524072 454849735 386229063 80204828 820759301 143912088 218889168 494041810 183364411 236134840 449692152 424598679 486718246 150742690 25712209 788993991 599982559 628506037 757962635 903097260 516350696 823875472 475901790 720133906 981383037 20984574 991221593 449971749 939902961 219758905 848765738 955394140 964416497 380034778 394289795 211599988 78814854 235021874 879154138 27751356 728054905 488811988 724517370 242839960 728909961 866376824 328750024 682629418 577069247 980873102 322202102 871197484 853036818 103591301 892701417 59296623 585730875 399993603 91964283 664810378 223841482 208807356 168186447 448093902 322180908 492358669 316846652 950949077 270877338 477300680 365951017 300390356 389952073 179266549 614675933 
657477984 8416
670414055 7721
533486594 2245
365547013 624
437362242 3107
586653463 3535
403611786 2244
330192596 7024
441623593 8670
452899608 4522
686112795 4666
201023286 5720
789080045 3685
95344672 39
604129132 1018
759089123 2212
793351474 8635
894348217 9792
173744485 5497
948715933 3453
799721153 6787
547350923 1903
595662870 2451
924922680 3959
57454061 7241
426997230 7351
547014276 6570
51608843 7626
81524960 3396
442954793 9973
128372918 8812
658949877 5429
947186265 434
833399355 6516
31271801 3176
796074885 7664
331439594 1484
199603733 1431
131047569 9894
359063814 3610
181338551 4856
271926798 9594
411252487 356
470332571 1242
349587442 4954
886467148 3318
821248558 8280
513415598 7066
690473526 4741
697825919 3506
791064713 6925
882550575 5359
5899839 1668
322853054 4572
210022318 7747
358188981 2373
706002700 6956
983039230 6478
215867943 9928
494889900 5932
444463684 7786
146832973 4320
381115088 526
12043475 6112
773481410 6350
595088472 2627
609467181 4519
347547357 3462
570205366 9819
298205708 3068
408563273 5994
948826697 1883
175077110 8095
340638153 1510
108184073 8421
836270596 4001
383792800 9400
305244780 8588
498561598 3261
326048065 7686
74107489 4620
327468543 7464
334964701 166
503621927 2110
454726051 3350
569939046 9917
763511054 1242
949537604 726
577597936 3427
301375860 5315
870508979 75
862521763 2942
390911918 3002
192985870 6876
114686124 9083
687430321 5920
683083479 7021
61048439 8472
25073765 255
900318418 166
546617203 5417
224246714 7539
875667665 415
558099009 9440
804854757 9017
594775391 2633
964704312 4261
103472318 9413
206953716 3398
875432851 9336
705911996 9479
624133087 3655
763636253 6812
937138878 4557
616606080 3330
180739793 828
462592502 1375
369448338 9067
615747920 5039
988931437 6676
638064119 3175
967760821 4943
844617326 6734
667856667 2443
123931739 7651
197810711 1427
320567348 186
878976491 6061
15537040 8531
520396739 1155
150458286 2074
943369931 1536
469153092 7020
75307827 6411
417557964 5877
41894050 2651
348654836 2911
662222655 114
300635170 5925
601695787 7613
706934247 5040
257879971 2674
662116876 6651
581888540 4616
625572285 5510
295155589 2141
499347045 4138
512802659 7919
943563989 5291
783619281 8935
400860974 1857
549296480 5949
401261912 9355
53494839 970
934602729 6540
176851409 934
609839728 6189
127665370 1163
52353831 4439
787843961 9759
888582002 5274
451706638 9987
710804017 9102
888766381 5136
166717391 1255
654047147 7466
154043331 7449
487240860 3796
936101956 9618
380110037 543
90311551 7527
733756001 3626
171783314 7418
553098930 5697
751704508 7158
11283033 3304
596400860 2534
91651063 2283
114822875 1576
711717745 85
2544025 9966
977127690 8385
69249537 2186
173878066 516
160582705 3049
166062747 4178
636354032 3038
148170079 6837
698721952 2741
874619142 6069
531561422 2092
192372828 6596
33481878 2343
297908742 1609
185909312 579
528467794 1300
936940934 5388
228491235 8784
220935953 183
213420586 961
715488814 575
630399270 5339
466033296 7355
263940512 8865
705005941 9413
255751040 2037
879800607 5820
445146562 3493
181146694 3196
58533680 2868
38400328 2958
981941277 9913
737858464 1343
207651238 2654
998482027 784
787981931 564
327104531 736
86516346 261
334324389 8361
237756832 1702
618400243 9097
433741005 1287
550099870 1989
378381578 4295
589887023 53
487919035 3876
415845039 7621
6120961 2505
858788837 5624
947392657 9141
261119450 6788
995855079 2967
195684798 66
163887800 1367
303688449 7301
951573503 9593
140700912 8220
160098844 9826
566732287 1757
659524794 4001
662637812 4165
890370094 6484
705645384 87
529654359 7118
425087430 1882
31607058 6067
430293438 8721
3291845 1769
924175672 4793
158523608 9200
697437502 2313
805457486 6176
963612092 6288
323561832 8149
188635315 2115
597666564 970
532206495 1845
17645976 8658
929102781 5670
425527237 2585
510603827 6797
807127785 8701
263102402 3213
878046656 434
90560819 3203
107125399 9814
366987519 4813
126274607 8718
596672784 5724
655750836 4560
452653096 8459
542335690 2851
290525005 5021
285616351 6191
42269382 9551
144642520 7982
400947775 6020
901727188 2898
561648052 8488
673729718 7431
593047275 7762
23660224 7595
440785517 5635
972820384 3069
280446855 6938
410296392 2352
406180896 5928
23706164 5284
183149997 3869
137092774 4751
450185636 9002

