40 51
373980901 982838150 6578323 638150706 936364478 553361706 182080545 710345260 340293478 567636267 753053272 846637935 274129270 79565007 616764766 354173799 362975596 626790147 255802599 33256111 184685630 997069656 21209014 701865244 836844264 513017332 360825441 70935266 367784454 14905686 445409059 903581038 974220123 303782658 699521632 988098503 612709433 910636084 8405404 601633213 
308112889 8895
783365723 10
754196744 2621
486357326 3379
240204839 9342
936374653 4781
770355654 9787
950751718 7678
361161463 7030
720940572 1669
650176098 4979
71571453 6469
824893153 6648
887841535 8515
155535769 5330
2560263 3061
530293011 3282
104158950 4138
743411254 5621
671154073 6964
810649409 5761
495851000 3196
834797476 9944
807010905 5826
426750578 1779
439439864 4495
153424064 8355
680048199 5762
381830228 3998
164957819 7918
105127909 4920
164136783 5425
899681607 7393
664912346 1251
901317887 1289
124378337 7658
861952701 4424
276479333 2082
71051204 8878
373160357 3394
530805116 8382
905814637 9243
408986577 7981
484210085 3168
298421472 4996
212250639 1351
353394190 4543
760558818 5467
217944001 8817
497823542 7260
363010441 3464

