506 654
373980901 982838150 6578323 638150706 936364478 553361706 182080545 710345260 340293478 567636267 753053272 846637935 274129270 79565007 616764766 354173799 362975596 626790147 255802599 33256111 184685630 997069656 21209014 701865244 836844264 513017332 360825441 70935266 367784454 14905686 445409059 903581038 974220123 303782658 699521632 988098503 612709433 910636084 8405404 601633213 308112889 955030832 783365723 1152614 754196744 281483198 486357326 362796802 240204839 936374653 513341152 770355654 950751718 824366873 361161463 754787520 720940572 179218161 650176098 534576515 71571453 694548076 824893153 713761649 887841535 914220419 155535769 572330881 2560263 328683647 530293011 352457450 104158950 444299589 743411254 603531879 671154073 747695706 810649409 618596283 495851000 343155144 834797476 807010905 625521704 426750578 191083158 439439864 482702946 153424064 897027007 680048199 618662351 381830228 429270330 164957819 850182952 105127909 528291863 164136783 582456816 899681607 793812343 664912346 134365221 901317887 138461565 124378337 822191122 861952701 475020051 276479333 223623096 71051204 953240002 373160357 364448585 530805116 899930296 905814637 992429245 408986577 856876334 484210085 340206803 298421472 536444266 212250639 145122946 353394190 487772854 760558818 586986486 217944001 946671478 497823542 779528933 363010441 371980073 827601309 641808809 140100702 193405165 59072787 375666754 540870546 817077447 593959729 551824078 462222223 915524072 454849735 386229063 80204828 820759301 143912088 218889168 494041810 183364411 236134840 449692152 424598679 486718246 150742690 25712209 788993991 599982559 628506037 757962635 903097260 516350696 823875472 475901790 720133906 981383037 20984574 991221593 449971749 939902961 219758905 848765738 955394140 964416497 380034778 394289795 211599988 78814854 235021874 879154138 27751356 728054905 488811988 724517370 242839960 728909961 866376824 328750024 682629418 577069247 980873102 322202102 871197484 853036818 103591301 892701417 59296623 585730875 399993603 91964283 664810378 223841482 208807356 168186447 448093902 322180908 492358669 316846652 950949077 270877338 477300680 365951017 300390356 389952073 179266549 614675933 657477984 903609159 670414055 828973072 533486594 241042880 365547013 67088661 437362242 333631409 586653463 379589491 403611786 240924687 330192596 754179942 441623593 930858541 452899608 485526790 686112795 500967972 201023286 614139646 789080045 395645265 95344672 4197280 604129132 109373597 759089123 237519588 793351474 927105574 894348217 173744485 590204821 948715933 370743090 799721153 728701243 547350923 204349145 595662870 263241459 924922680 425142504 57454061 777495706 426997230 789240734 547014276 705385167 51608843 818855886 81524960 364698485 442954793 128372918 946175763 658949877 582935598 947186265 46647413 833399355 699626796 31271801 341089327 796074885 822937506 331439594 159401145 199603733 153720071 131047569 359063814 387657750 181338551 521442483 271926798 411252487 38265877 470332571 133368094 349587442 531967121 886467148 356336520 821248558 888987099 513415598 758648889 690473526 509081906 697825919 376433616 791064713 743517450 882550575 575406761 5899839 179123690 322853054 490879823 210022318 831805750 358188981 254830803 706002700 746824087 983039230 695596363 215867943 494889900 636923879 444463684 836001420 146832973 463818464 381115088 56524294 12043475 656259967 773481410 681863173 595088472 282067229 609467181 485227645 347547357 371708031 570205366 298205708 329436705 408563273 643632588 948826697 202248480 175077110 869127966 340638153 162188596 108184073 904168389 836270596 429610934 383792800 305244780 922057552 498561598 350180093 326048065 825203069 74107489 496082459 327468543 801458436 334964701 17832771 503621927 226568922 454726051 359697659 569939046 763511054 133427377 949537604 78045986 577597936 367995076 301375860 570665358 870508979 8115839 862521763 315914802 390911918 322410007 192985870 738247693 114686124 975232574 687430321 635597028 683083479 753866476 61048439 909656186 25073765 27379165 900318418 17913725 546617203 581674949 224246714 809456849 875667665 44634042 558099009 804854757 968177202 594775391 282781616 964704312 457560297 103472318 206953716 364825199 875432851 705911996 624133087 392492673 763636253 731392140 937138878 489266452 616606080 357619450 180739793 88930607 462592502 147694612 369448338 973514900 615747920 541034887 988931437 716791503 638064119 340922922 967760821 530743661 844617326 722985325 667856667 262322500 123931739 821529848 197810711 153257396 320567348 20041186 878976491 650789173 15537040 916004007 520396739 124042553 150458286 222729959 943369931 164926128 469153092 753768702 75307827 688348846 417557964 631023796 41894050 284623562 348654836 312590581 662222655 12321532 300635170 636135250 601695787 817388546 706934247 541139611 257879971 287111564 662116876 714134504 581888540 495645575 625572285 591588480 295155589 229868493 499347045 
444304412 4776
850217348 8788
568160852 7298
959338066 3733
199391230 5116
638788093 3737
53494839 970
934602729 6540
176851409 934
609839728 6189
127665370 1163
52353831 4439
787843961 9759
888582002 5274
451706638 9987
710804017 9102
888766381 5136
166717391 1255
654047147 7466
154043331 7449
487240860 3796
936101956 9618
380110037 543
90311551 7527
733756001 3626
171783314 7418
553098930 5697
751704508 7158
11283033 3304
596400860 2534
91651063 2283
114822875 1576
711717745 85
2544025 9966
977127690 8385
69249537 2186
173878066 516
160582705 3049
166062747 4178
636354032 3038
148170079 6837
698721952 2741
874619142 6069
531561422 2092
192372828 6596
33481878 2343
297908742 1609
185909312 579
528467794 1300
936940934 5388
228491235 8784
220935953 183
213420586 961
715488814 575
630399270 5339
466033296 7355
263940512 8865
705005941 9413
255751040 2037
879800607 5820
445146562 3493
181146694 3196
58533680 2868
38400328 2958
981941277 9913
737858464 1343
207651238 2654
998482027 784
787981931 564
327104531 736
86516346 261
334324389 8361
237756832 1702
618400243 9097
433741005 1287
550099870 1989
378381578 4295
589887023 53
487919035 3876
415845039 7621
6120961 2505
858788837 5624
947392657 9141
261119450 6788
995855079 2967
195684798 66
163887800 1367
303688449 7301
951573503 9593
140700912 8220
160098844 9826
566732287 1757
659524794 4001
662637812 4165
890370094 6484
705645384 87
529654359 7118
425087430 1882
31607058 6067
430293438 8721
3291845 1769
924175672 4793
158523608 9200
697437502 2313
805457486 6176
963612092 6288
323561832 8149
188635315 2115
597666564 970
532206495 1845
17645976 8658
929102781 5670
425527237 2585
510603827 6797
807127785 8701
263102402 3213
878046656 434
90560819 3203
107125399 9814
366987519 4813
126274607 8718
596672784 5724
655750836 4560
452653096 8459
542335690 2851
290525005 5021
285616351 6191
42269382 9551
144642520 7982
400947775 6020
901727188 2898
561648052 8488
673729718 7431
593047275 7762
23660224 7595
440785517 5635
972820384 3069
280446855 6938
410296392 2352
406180896 5928
23706164 5284
183149997 3869
137092774 4751
450185636 9002
904590640 3863
284693188 8066
830738937 7555
888379931 4173
550149627 3576
542828465 7046
952844193 3809
746169734 1997
784444760 6291
266618414 8964
211798577 5608
644695637 4416
308124169 5419
298372277 6493
803800237 5839
117228441 1532
887012251 854
460566416 2716
150972360 4054
898662994 6613
783617226 6390
260950130 2719
167664419 6284
237930550 929
804645305 313
278869854 4760
367400717 7883
215446907 7130
229034045 1276
613896200 3862
539787995 177
162877802 4988
266616491 7403
393561270 96
6590905 2560
627588781 9192
922001671 8435
928680876 7323
35828542 1298
996816415 9872
545439037 3337
519206162 9007
451271649 956
163774755 4775
632835063 2683
654240268 6030
134656395 648
493804338 2845
728655735 3300
325075356 4246
443751965 7245
241185273 6775
723070922 2292
85996782 9741
761793640 6104
916973519 7088
45162035 0
586863043 8259
532049875 6864
749426936 8366
208153285 2214
680202784 6570
557431913 934
605620269 7032
795916022 3313
388711504 3723
945950756 6439
832052327 1815
447027640 4845
881387435 6131
814883045 7003
225333101 6307
397801794 7739
287217474 3780
400093595 1112
231479064 8178
657846485 2678
504284029 6772
934623100 3132
300756591 951
210039475 1859
689388361 6405
647738529 3313
892713503 8185
369526466 9869
980540150 4414
119258140 2398
956219945 8732
882940252 3403
311727324 7034
445724500 8571
277557894 795
16151408 8905
618864059 6343
243672572 5363
144499958 3257
715071556 1853
964650030 7945
853801250 5102
870042702 8656
797168733 8251
941734281 2342
640706490 1701
255923642 1920
472728821 3331
202683081 5016
81094424 6754
587198432 98
277100538 8354
815589545 1120
51273154 3590
550804253 9634
618062684 1936
291433255 5803
108686006 5867
362660887 836
835615557 4952
298135804 4674
254758088 929
533029484 5202
439903601 8861
80542915 7122
466883736 4384
264015169 3970
391139949 5155
948410237 3243
101923369 1134
838420924 6574
908327071 7079
471514490 8100
410593330 7100
657852630 1865
735526599 419
455102913 2587
505071884 3797
518167585 9659
209759607 8988
513384027 7540
422101722 9825
502995890 7734
599729327 5937
187576867 9682
738356787 7296
230861183 3531
399562042 6636
988211759 6349
545954094 9900
719083866 306
465164159 8937
799905987 5545
512285061 1257
679270523 1063
36084904 4823
863036552 8138
539170764 9570
488743354 3001
618224507 8410
449095577 5979
625089271 9686
752959815 5185
826301013 6493
791436034 6644
641259680 3147
862608839 9593
941937882 3560
675762411 1346
594745057 1465
947326514 9462
694607872 93
119398580 6865
140109380 9250
496867081 6118
280864524 6480
732452839 3353
906632626 1097
427058154 652
164484729 6752
947607722 2746
69097328 2951
142659981 5920
653394360 769
593707675 6136
197173155 1167
728922842 5513
524851502 9473
964939543 1443
9768994 8442
781740110 3639
772483928 1733
342198192 8648
828533997 9825
311344377 7030
500457559 8715
230387489 9687
368092225 2652
686276425 1896
202982005 3846
289887784 2347
336836758 9431
113028793 6548
975504496 5490
462083966 5710
396798169 3407
67952879 4899
347508405 7564
642950083 2727
204124775 6990
579089178 8135
331634557 1330
289378508 8623
698867009 205
5851237 787
229485636 6079
210862594 546
554360174 2407
448055939 525
661603408 874
736953330 5953
703479062 4405
940324586 5328
215750879 4684
702288238 2324
384323414 1531
255424290 783
318201780 6977
470136315 4837
834951680 8370
965180851 6644
712444852 8211
348755844 8834
18986007 1545
158310074 6493
468037742 8930
5460513 6567
486581910 4220
391684739 5188
423912601 6302
580679279 9835
246246780 5942
137448585 4595
322497240 3232
774494005 5855
423943501 5721
847810433 8616
172651730 5061
189667812 5955
817753628 8913
39838638 6599
667251512 3161
105437401 3844
832241904 4129
554476530 3013
404875268 578
628006150 6925
880586357 9155
361370835 4390
573213852 6144
759454762 1174
514965121 1344
975694921 6097
175633477 5543
486896833 9418
173700316 8136
271205842 9418
97396156 232
478026668 8706
46899054 3743
194512670 6992
418395471 2339
836990192 5520
279913478 2638
741164063 8509
787654949 4641
403814287 671
923131026 8195
845835771 2501
27054392 3493
566828747 4927
913754723 6113
414934137 4413
366906875 780
289789609 2580
21340432 28
596568405 4722
237738832 1779
980574087 263
508173515 8822
949436511 2221
197885388 4015
28439503 7128
903011909 131
413309520 2932
435305907 1025
43582907 8885
77885395 9527
305858684 995
418416818 7233
693154852 5552
794630681 8359
186867058 1089
495442612 2239
863753736 2517
77918798 1722
819008896 9350
261127820 2976
458780000 7363
451330959 4221
229219000 1105
265831685 4126
656877532 3099
843373930 4523
153732919 8380
3477424 6669
761573202 6377
521013470 6460
313828313 7782
200163903 5385
518248231 2996
153333857 4675
551527299 6444
848267606 5015
653311861 2735
750127147 9091
445093062 3992
291582844 2646
125393461 6591
988474675 7058
60052290 4356
202593070 5865
116527325 8765
651260465 5385
645077867 9952
690963806 716
106807862 6042
431169824 236
282298184 2468
733326820 5815
662616246 2621
215717782 2542
32573753 5488
67370748 3843
630764637 3604
891646491 8693
421413021 1889
395646745 5917
667829676 8193
931483469 1566
766496860 967
593328879 6994
176228883 9840
939492859 7679
350092236 9129
725776543 4661
896362258 2126
712127292 8987
997922002 8746
937601324 873
831067049 9793
958279013 783
16457551 5251
750300224 9813
242416080 5927
282646154 4983
710722249 2281
170857220 4494
708339360 8699
256414518 1857
826993855 5979
823010254 1086
892233419 7788
774426668 2210
650868653 2584
348069223 5860
142641046 1716
128801524 3297
76973538 6757
577922706 9714
355288027 3228
457019719 7322
567119640 6456
426760921 5022
11913253 3418
409466939 9308
974240580 6630
444454236 4175
544717254 3732
329450883 3862
126866557 8238
272640231 7583
903785568 141
59250112 8915
674291396 6094
105592250 2666
36168308 2493
551019958 7679
562278575 7561
871012251 9175
553305503 3749
856073560 903
82005265 3722
692710092 5527
893942228 9423
476123920 7821
458009524 5406
203049986 7179
49794581 7025
536677478 5820
952925471 9042
267847822 74
889228561 685
157616752 8910
222334654 4186
825420407 1832
394219335 4384
630691978 8936
791774467 7363
26493073 3533
883611978 5591
901720982 5420
451595404 2049
871998283 3092
773923633 4101
128097478 7596
317253163 9224
497256144 6114
545351982 1305
626008354 8308
232636253 5877
675068666 2991
104772368 2891
275454623 4618
946122206 5312
947498008 365
632220406 3670
254748200 3874
357782624 6684
296741767 35
175426472 7773
118372829 861
962826505 9299
99847679 5509
325024712 1160
469512797 9294
371161568 5576
127099282 9757
610480627 7873
922598970 8344
339331371 1114
404430518 9877
327742619 1422
467438023 5875
605305722 5018
212081443 2377
421777835 5736
260867613 3957
844863679 9487
642170761 4897
323871942 3128
226263992 6475
218522139 3879
200167436 5526
590027323 2915
941755266 1691
510898197 2723
761507128 303
50033077 4395
999436262 8437
160787555 3950
745885411 332
28741558 2326
81268028 5879
229677157 2881
875841333 948
186905847 340
796439353 3883
109949539 9981
564007385 5850
118752014 7132
537379095 1895
247260942 6775
779546668 828
371623839 9468
624409413 4703
103194625 2172
327206982 9037
90862016 9993
859827156 1743
533015591 1944
393936126 3974
627014200 7567
55228592 1933
614932053 1685
635303607 4331
181349658 2875
703939605 3372
363502597 4795
100762611 2950
983841945 9826
931326212 6703
657609432 7284
573328890 7676
5433636 6335
12786617 1903
566066549 8106
12681359 3848
716813499 9251
410886285 5608
275963117 1477
326943762 7627
309964310 3628

