6 8
35 92 1 60 88 52
96 976
17 662
32 529
71 789
26 75
58 330
34 584
24 31




3 4
3 10 0
6 9
5 10
10 1
7 3



3 4
35 92 1
60 873
52 960
98 170
67 317

4 5
35 92 1 60 
88 516
96 976
17 662
32 529
71 789


6 8
18 46 1 30 44 26
48 49
9 34
16 27
36 40
13 4
29 17
17 30
12 2

6 8
4 10 1 6 9 6
10 10
2 7
4 6
8 8
3 1
6 4
4 6
3 1


6 8
6 14 1 9 14 8
20 20
4 14
7 11
15 16
6 2
12 7
7 12
5 1


6 8
6 14 1 9 14 8 
24 25
5 17
8 14
18 20
7 2
15 9
9 15
6 1


6 8
70 184 2 119 175 104
240 244
43 166
80 133
176 198
64 19
144 83
85 146
60 8




23 30
175 458 4 298 437 258 480 488 85 331 159 265 351 395 128 38 288 165 170 292 120 16 87
929 967
20 654
780 478
337 67
343 14
415 842
908 283
652 921
571 849
8 561
287 890
730 2
703 263
453 338
224 935
873 479
718 979
886 768
337 703
672 167
606 498
67 647
769 665
827 852
145 534
3 307
494 329
98 414
693 563
626 697



15 19
21 55 1 36 53 31 58 59 11 40 20 32 43 48 16
8 58
33 34
59 24
4 18
93 97
2 66
78 48
34 7
35 2
42 85
91 29
66 93
58 85
1 57
29 89
73 1
71 27
46 34
23 94

2 2
11 28
1 6
9 6

9 12
11 27 1 18 26 15 28 29 5
24 12
19 25
28 9
3 21
12 12
21 9
2 7
33 34
1 23
28 17
12 3
12 1

21 27
20 52 1 34 49 29 54 55 10 38 18 30 40 45 15 5 33 19 19 33 14
3 12
63 65
2 44
53 33
23 5
23 1
28 57
61 19
44 62
39 57
1 38
20 60
49 1
48 18
31 23
15 63
59 33
49 66
60 52
23 48
45 12
41 34
5 44
52 45
56 58
10 36
1 21


12 23
10 24 1 16 23 14 25 26 5 18 9 14
5 5
2 1
4 2
3 4
2 1
2 6
6 1
4 5
3 3
1 3
1 3
6 6
2 4
6 4
6 1
4 2
6 5
1 5
2 3
3 2
6 6
3 5
6 6



11 14
25 64 1 42 61 36 67 68 12 46 22
48 63
71 23
7 52
30 31
52 22
3 16
83 86
2 59
70 43
30 6
31 2
37 75
81 26
58 82


6 7
21 55 1 36 52 31
105 107
19 73
35 58
77 86
28 9
63 36
37 64

16 20
12 32 1 21 30 18 33 34 6 23 11 18 24 27 9 3
144 83
85 146
60 8
43 232
241 5
163 195
119 84
17 86
4 104
210 226
71 163
230 143
212 2
140 72
222 182
1 175
66 113
85 56
233 218
120 179


12 16
19 50 1 33 48 28 52 53 10 36 18 29
17 19
7 2
14 8
9 15
6 1
5 23
24 1
16 19
12 9
2 9
1 10
21 22
7 16
23 14
21 1
14 7



24 31
23 59 1 39 56 33 62 63 11 43 21 34 45 51 17 5 37 22 22 38 16 2 12 60
72 2
49 58
36 25
5 26
2 31
63 68
21 49
69 43
63 1
42 22
66 54
1 52
20 34
26 17
70 65
36 54
73 66
57 25
53 50
13 45
37 5
48 57
50 62
64 11
40 1
23 37
25 8
31 52
42 47
52 56
43 35



562 727
3487001 9163992 61336 5950123 8730671 5159549 9601556 9762783 1697720 6623265 3172899 5292645 7021475 7894060 2555983 741864 5750720 3302319 3384387 5844197 2385105 310080 1722010 9296686 9671764 197753 6544198 7802743 4783378 3364339 661401 3429225 138980 4152998 8424998 9083637 2832472 6522346 9213039 5712908 8490779 78372 5609633 2872847 8904716 7304109 10746 7032137 2624551 4534800 3382720 2239672 9352628 8730765 4786397 7182803 9797431 8864817 7686404 3367472 7037645 6722056 1671031 6062248 4984396 667332 6475972 7691311 6655120 8278242 8524199 1450216 5336418 23871 3064649 4944456 3286316 971179 4142653 6931573 5627336 6257846 6971521 7558502 5767797 4623319 3199581 7783659 9955400 7524577 5832370 9773987 3979026 1781661 4097341 4500726 1430527 8363888 6340775 5768413 3560188 4002520 1538068 7927113 980213 4925798 1530412 5430832 8388639 7401513 6199648 1252822 8403896 1291016 1159704 7666117 8036855 4429091 2577895 2085063 662482 8888018 3479350 3398122 4949231 8390958 8445824 9253419 3813394 7989522 4514779 3172091 2782484 5001811 1979026 1353127 3295050 4547998 7091457 5473067 2032111 8826773 4641711 7268335 3384712 3468345 9860648 9555438 7716562 5984231 1306300 1803311 550795 3502720 5043082 7618437 5538086 5145212 4309764 8536354 4241023 3601203 747830 7652767 1341837 2040924 9574646 4606450 1709691 2201723 4192933 3958962 4538165 1405526 239740 7356587 5594242 5860196 7067250 8420487 4814458 7681822 4437312 9907746 6714535 9150424 195660 9242159 4195540 8763663 2049034 7913899 9559419 8908103 8992228 3543447 9894760 3676361 1972960 734870 2191346 8197241 258753 6788390 4557687 6755406 2264242 6796363 8078105 3065268 6364843 5380599 9145669 3004215 8123053 7953723 965886 8323556 552882 5461360 3729544 857475 6198698 2087100 1946921 1568172 4178031 3004017 4590756 2954281 8866658 2525662 4450355 3412130 2800842 3635916 1671482 5731244 6130330 8425260 6250946 7729352 4974233 2247486 9838783 3408363 625535 9829420 4077969 3110782 5469962 3539295 3763280 2246384 3078718 7031980 4117702 8679333 4222840 4527056 6397322 4671030 1874343 5726243 7357389 3689000 888994 39135 5632905 1019800 7077754 2214634 7397216 8644341 8338911 9803289 1619995 5503075 8845836 3456812 9612956 9733674 7456607 6794417 5103505 1905353 5553966 2454465 8623987 3964032 535702 7249377 3981326 7358887 5100366 6577017 481201 7635019 760139 3400452 4130114 9984408 1196950 8822151 6144054 5435296 8831573 434940 7770623 6523326 291578 3180320 7422609 7673076 3090345 1486257 1861107 1433287 1221888 9905272 3347914 3614524 1690802 4861934 2535448 9604688 3834522 356791 4385385 1243525 3259556 4960066 8265427 3322485 7657329 8288924 4787091 7073649 6437981 4746684 6506535 3509870 7375894 6932563 8228909 5365098 55010 1670150 3010284 4576968 1958250 7755764 9442245 3339757 2376044 6582775 6963394 9165866 6485746 2012754 9939356 4614358 5938684 4144183 7794885 1369072 4324647 9831581 3553520 527033 112293 6118974 7211947 6357698 5548610 2629997 9382431 5682677 4524267 3240534 3465809 5316600 9829844 2780472 3071670 3809447 6001236 8846868 1885766 1632420 8103757 3176113 1512247 1008709 8430474 7797394 4005696 3578487 9410298 2846105 8597273 4648592 3265082 3040075 7694201 690978 4625477 3053319 7472805 3123213 166272 4695775 2112530 4239869 3353824 5314116 9927756 7118984 1244078 8853497 727701 5385528 3431189 2810031 5320889 8116633 75672 8042160 2945592 9926584 3644866 3006153 1799402 6883428 1069334 9093077 6409606 5926312 9740701 6369076 7029058 569216 8481642 9618897 233788 255283 8394577 167027 5096663 5423542 2090878 7547383 8164733 416168 5203720 9450440 7504473 9027293 5545691 2636658 8994912 4266296 964776 9423071 1929638 3401633 8162544 9346361 6581930 9489437 5819422 3659605 7120151 6819507 8737891 4561924 5749240 3334447 1685219 829189 4313216 1377105 3444739 9077062 5741239 5044614 9220805 6683370 5949315 3178768 9023410 4948658 7875219 6741121 6227101 2445897 1155540 7659951 1844388 1428973 2988972 186864 8195585 6067964 144867 8540829 4852184 1156573 1402874 2076736 8795990 1537772 4374387 7028146 702170 6418171 3893314 5883671 390620 2653832 3250860 2914597 6174570 114886 2803125 5931331 5610217 7621338 9859922 6591461 5045590 2404475 2677030 6173583 6658596 5425534 4621403 5832841 5515976 2752033 2143295 4655916 4142698 4781376 7927434 8797799 5297537 7306473 8944877 3737631 1859125 5121645 5956066 3741369 9365068 498786 971976 8714244 6547199 1648964 935540 5686151
619032 119
116411 48
443978 734
976066 828
527476 421
998871 992
662136 911
827914 514
155302 125
609266 747
143496 745
453880 380
872009 962
354084 54
937710 84
752836 684
362733 160
741941 515
569857 700
715923 10
330457 555
253501 85
228380 107
157633 947
662988 8
2369 997
910226 839
64508 218
161973 51
149587 305
154692 418
592784 304
138025 684
650882 274
814736 607
495166 209
179201 660
31189 234
277511 161
999234 173
57933 492
130085 873
538910 213
878562 205
18394 198
96164 667
57592 587
533987 434
735611 246
886621 657
941513 238
203819 820
582122 414
349428 168
319730 54
286901 35
295905 915
991517 687
134335 193
265516 930
78463 734
56447 304
73622 80
26145 311
836203 221
170287 576
909910 404
128753 512
198961 352
429639 549
5304 454
387726 387
762250 5
250568 800
562517 883
914307 243
678938 928
296767 182
6690 968
152666 136
282895 730
937998 887
959435 131
822198 149
982816 528
175722 614
400217 617
416648 830
648483 657
8715 493
711945 396
188299 29
606808 947




731 799
373980901 982838150 6578323 638150706 936364478 553361706 182080545 710345260 340293478 567636267 753053272 846637935 274129270 79565007 616764766 354173799 362975596 626790147 255802599 33256111 184685630 997069656 21209014 701865244 836844264 513017332 360825441 70935266 367784454 14905686 445409059 903581038 974220123 303782658 699521632 988098503 612709433 910636084 8405404 601633213 308112889 955030832 783365723 1152614 754196744 281483198 486357326 362796802 240204839 936374653 513341152 770355654 950751718 824366873 361161463 754787520 720940572 179218161 650176098 534576515 71571453 694548076 824893153 713761649 887841535 914220419 155535769 572330881 2560263 328683647 530293011 352457450 104158950 444299589 743411254 603531879 671154073 747695706 810649409 618596283 495851000 343155144 834797476 807010905 625521704 426750578 191083158 439439864 482702946 153424064 897027007 680048199 618662351 381830228 429270330 164957819 850182952 105127909 528291863 164136783 582456816 899681607 793812343 664912346 134365221 901317887 138461565 124378337 822191122 861952701 475020051 276479333 223623096 71051204 953240002 373160357 364448585 530805116 899930296 905814637 992429245 408986577 856876334 484210085 340206803 298421472 536444266 212250639 145122946 353394190 487772854 760558818 586986486 217944001 946671478 497823542 779528933 363010441 371980073 827601309 641808809 140100702 193405165 59072787 375666754 540870546 817077447 593959729 551824078 462222223 915524072 454849735 386229063 80204828 820759301 143912088 218889168 494041810 183364411 236134840 449692152 424598679 486718246 150742690 25712209 788993991 599982559 628506037 757962635 903097260 516350696 823875472 475901790 720133906 981383037 20984574 991221593 449971749 939902961 219758905 848765738 955394140 964416497 380034778 394289795 211599988 78814854 235021874 879154138 27751356 728054905 488811988 724517370 242839960 728909961 866376824 328750024 682629418 577069247 980873102 322202102 871197484 853036818 103591301 892701417 59296623 585730875 399993603 91964283 664810378 223841482 208807356 168186447 448093902 322180908 492358669 316846652 950949077 270877338 477300680 365951017 300390356 389952073 179266549 614675933 657477984 903609159 670414055 828973072 533486594 241042880 365547013 67088661 437362242 333631409 586653463 379589491 403611786 240924687 330192596 754179942 441623593 930858541 452899608 485526790 686112795 500967972 201023286 614139646 789080045 395645265 95344672 4197280 604129132 109373597 759089123 237519588 793351474 927105574 894348217 173744485 590204821 948715933 370743090 799721153 728701243 547350923 204349145 595662870 263241459 924922680 425142504 57454061 777495706 426997230 789240734 547014276 705385167 51608843 818855886 81524960 364698485 442954793 128372918 946175763 658949877 582935598 947186265 46647413 833399355 699626796 31271801 341089327 796074885 822937506 331439594 159401145 199603733 153720071 131047569 359063814 387657750 181338551 521442483 271926798 411252487 38265877 470332571 133368094 349587442 531967121 886467148 356336520 821248558 888987099 513415598 758648889 690473526 509081906 697825919 376433616 791064713 743517450 882550575 575406761 5899839 179123690 322853054 490879823 210022318 831805750 358188981 254830803 706002700 746824087 983039230 695596363 215867943 494889900 636923879 444463684 836001420 146832973 463818464 381115088 56524294 12043475 656259967 773481410 681863173 595088472 282067229 609467181 485227645 347547357 371708031 570205366 298205708 329436705 408563273 643632588 948826697 202248480 175077110 869127966 340638153 162188596 108184073 904168389 836270596 429610934 383792800 305244780 922057552 498561598 350180093 326048065 825203069 74107489 496082459 327468543 801458436 334964701 17832771 503621927 226568922 454726051 359697659 569939046 763511054 133427377 949537604 78045986 577597936 367995076 301375860 570665358 870508979 8115839 862521763 315914802 390911918 322410007 192985870 738247693 114686124 975232574 687430321 635597028 683083479 753866476 61048439 909656186 25073765 27379165 900318418 17913725 546617203 581674949 224246714 809456849 875667665 44634042 558099009 804854757 968177202 594775391 282781616 964704312 457560297 103472318 206953716 364825199 875432851 705911996 624133087 392492673 763636253 731392140 937138878 489266452 616606080 357619450 180739793 88930607 462592502 147694612 369448338 973514900 615747920 541034887 988931437 716791503 638064119 340922922 967760821 530743661 844617326 722985325 667856667 262322500 123931739 821529848 197810711 153257396 320567348 20041186 878976491 650789173 15537040 916004007 520396739 124042553 150458286 222729959 943369931 164926128 469153092 753768702 75307827 688348846 417557964 631023796 41894050 284623562 348654836 312590581 662222655 12321532 300635170 636135250 601695787 817388546 706934247 541139611 257879971 287111564 662116876 714134504 581888540 495645575 625572285 591588480 295155589 229868493 499347045 444304412 512802659 850217348 943563989 568160852 783619281 959338066 400860974 199391230 549296480 638788093 401261912 53494839 104244506 934602729 702187192 176851409 100336730 609839728 664531734 127665370 124967286 52353831 476610651 787843961 888582002 566245508 451706638 710804017 977288647 888766381 551427170 166717391 134781126 654047147 801657793 154043331 799837255 487240860 407636240 936101956 380110037 58388234 90311551 808169546 733756001 389394192 171783314 796473964 553098930 611741823 751704508 768543759 11283033 354746282 596400860 272133637 91651063 245166900 114822875 169220077 711717745 9206861 2544025 977127690 900267152 69249537 234719397 173878066 55451076 160582705 327439811 166062747 448640900 636354032 326222923 148170079 734146585 698721952 294354373 874619142 651653800 531561422 224673340 192372828 708179866 33481878 251580171 297908742 172772172 185909312 62191517 528467794 139646992 936940934 578519901 228491235 943137205 220935953 19746648 213420586 103232080 715488814 61825292 630399270 573235134 466033296 789678563 263940512 951788085 705005941 255751040 218800210 879800607 624908096 445146562 375111152 181146694 343230308 58533680 307989067 38400328 317655083 981941277 737858464 144209348 207651238 285032409 998482027 84230418 787981931 60596107 327104531 79033360 86516346 28067365 334324389 897664699 237756832 182804041 618400243 976788718 433741005 138216912 550099870 213584702 378381578 461217842 589887023 5694699 487919035 416224371 415845039 818275495 6120961 268985656 858788837 603862898 947392657 981508645 261119450 728840459 995855079 318580164 195684798 7182133 163887800 146779013 303688449 783862445 951573503 140700912 882629964 160098844 566732287 188638605 659524794 429633462 662637812 447272104 890370094 696146611 705645384 9356469 529654359 764273656 425087430 202139993 31607058 651408482 430293438 936320473 3291845 189968234 924175672 514692126 158523608 987772159 697437502 248356802 805457486 663121129 963612092 675178332 323561832 874950176 188635315 227081790 597666564 104225161 532206495 198102152 17645976 929596462 929102781 608760090 425527237 277540472 510603827 729806023 807127785 934214672 263102402 344963278 878046656 
4445075 843
32759483 9874
10202419 9814
34951192 4813
12026153 8718
56825979 5724
62452460 4560
43109818 8459
51651018 2851
27669048 5021
27201557 6191
4025655 9551
97511805 1347
81626077 3734
61560418 8398
29636352 5231
86790759 9977
64164735 7431
56480692 7762
2253354 7595
41979573 5635
92649560 3069
26709224 6938
39075846 2352
38683894 5928
2257729 5284
17442856 3869
13056454 4751
42874822 9002
86151489 3863
27113636 8066
79117994 7555
84607612 4173
52395202 3576
51697949 7046
90747066 3809
71063784 1997
74709024 6291
25392229 8964
20171293 5608
61399584 4416
29345159 5419
28416407 6493
76552403 5839
11164613 1532
84477357 854
43863468 2716
14378320 4054
85586951 6613
74630212 6390
24852393 2719
15968039 6284
22660052 929
76632886 313
26559033 4760
34990544 7883
20518753 7130
21812766 1276
58466304 3862
51408380 177
15512171 4988
25392046 7403
37482025 96
627705 2560
59770360 9192
95552061 8587
86252009 9975
88445797 7323
3412242 1298
94934896 9872
51946575 3337
49448205 9007
42978252 956
15597595 4775
95855121 5894
27434134 6093
61662653 1254
6634407 4599
29091760 6786
33751694 3027
43423113 4133
74082153 2246
69280021 9915
68863897 2292
8190169 9741
72551775 6104
87330811 7088
4301146 0
55891718 8259
50671416 6864
71373993 8366
19824122 2214
64781217 6570
98824262 5192
9559172 5640
71903866 7413
33878154 3620
38077575 8810
65842904 7749
18564141 4163
49541330 8209
62693058 7589
71610116 2098
64499698 3705
79139503 2675
38659587 3726
11374661 2156
83629054 6127
27388241 4696
69249940 8705
32027109 2801
9728133 1956
19012166 6421
65501047 6033
33876546 8314
83698579 3441
93384776 4414
11357918 2398
91068566 8732
84089547 3403
29688316 7034
42449952 8571
26434085 795
1538229 8905
58939434 6343
23206911 5363
13761900 3257
68102053 1853
91871431 7945
81314404 5102
82861209 8656
75920831 8251
89688979 2342
99165422 5967
17401906 2383
19637056 4403
34063555 1887
51295688 755
69062012 5469
1010746 2580
85420973 7596
11460241 477
36715043 5130
98515741 5756
19800229 2714
59345205 1012
59992503 3377
8551405 9572
79582434 4952
28393886 4674
24262675 929
50764712 5202
41895581 8861
7670753 7122
44465117 4384
25144301 3970
37251423 5155
90324784 3243
98101885 949
11600451 7809
67219660 8460
72389092 4391
82825279 3824
72606323 6127
19079152 6850
4294400 4238
26456762 4704
38831064 4826
98765272 1953
91904891 4781
77104753 3931
47904370 7734
57117078 5937
17864463 9682
70319694 7296
21986779 3531
38053527 6636
94115405 6349
51995628 9900
68484177 306
44301348 8937
76181522 5545
48789053 1257
64692430 1063
3436657 4823
82193957 8138
51349596 9570
46546986 3001
58878524 8410
42771007 5979
97960467 5822
99050178 7013
53020832 7696
66400178 7371
67942923 5972
32179446 8034
98098775 8773
36402450 6294
13763969 5539
14989860 8823
96751820 6469
957114 9987
11371293 6865
13343750 9250
47320674 6118
98445651 2616
66264999 6822
34291122 8444
11219300 3977
6672017 1532
69048033 8826
28082273 643
30178552 9382
13586664 5920
97085927 6085
7871449 5529
62749038 1836
11935759 6789
56379193 4888
96869992 8987
14756020 90
86328977 7281
37213602 7195
17727014 3187
88432211 9582
78907999 9825
29651845 7030
47662624 8715
21941665 9687
35056402 2652
65359659 1896
19331619 3846
27608360 2347
32079691 9431
10764647 6548
92905190 5490
44007996 5710
37790301 3407
6471702 4899
33096038 7564
61233341 2727
19440454 6990
98653606 5393
83187789 3088
13601049 2695
88177512 6509
2098989 54
8053054 2137
62161934 1964
5586949 5163
24618853 4173
5377481 6162
8938708 6864
60870903 6552
45041591 9369
89554722 5328
20547702 4684
66884594 2324
36602229 1531
99998730 2379
8011378 2963
71345131 4378
49464847 7776
85585857 8989
67937473 6635
83967127 3248
90335275 176
15802344 1474
66398587 4359
91312710 50
67155344 4532
43154594 3648
53050802 3948
64441872 5408
23452074 5942
13090341 4595
30714022 3232
73761333 5855
40375571 5721
80743850 8616
16443021 5061
18063601 5955
77881297 8913
3794156 6599
63547763 3161
10041657 3844
79261133 4129
52807288 3013
38559549 578
59810109 6925
98940109 8201
93613941 3365
44897158 5339
62832780 7073
12013795 4796
13747762 9087
62349021 1635
56680382 4535
96300266 1617
83194716 2526
96304365 907
2373973 4452
89022560 436
38275840 1811
71502434 3897
23924447 7795
56451642 2607
26975856 9521
70587053 8509
75014757 4641
38458503 671
87917240 8195
80555787 2501
2576608 3493
53983690 4927
87024259 6113
97424364 3864
45130081 9844
34943511 780
27599010 2580
2032422 28
56816038 4722
22641793 1779
93388008 263
48397477 8822
90422524 2221
18846227 4015
2708524 7128
86001134 131
39362811 2932
41457705 1025
4150753 8885
7417656 9527
29129398 995
39849220 7233
66014747 5552
75679112 8359
17796862 1089
47185010 2239
82262260 2517
7420837 1722
78000847 9350
24869316 2976
43693333 7363
42983900 4221
21830381 1105
25317303 4126
62559765 3099
80321326 4523
14641230 8380
331183 6669
72530781 6377
49620330 6460
29888410 7782
19063228 5385
49356974 2996
14603224 4675
52526409 6444
80787391 5015
62220177 2735
71440680 9091
42389815 3992
27769794 2646
96542111 1167
67401091 9206
72174112 559
44547822 9945
19294578 5865
11097840 8765
62024806 5385
98653427 6008
65806076 716
10172177 6042
41063792 236
26885541 2468
69840649 5815
63106309 2621
20544550 2542
3102262 5488
6416261 3843
60072822 3604
84918713 8693
40134573 1889
37680642 5917
63602826 8193
88712711 1566
96027894 7139
9895979 5526
71522431 1641
89475510 7679
33342117 9129
69121575 4661
85367834 2126
67821646 8987
95040190 8746
89295364 873
79149242 9793
91264667 783
1567385 5251
71457164 9813
23087245 5927
26918681 4983
67687833 2281
16272116 4494
67460891 8699
24420430 1857
78761319 5979
78381928 1086
84974611 7788
73754920 2210
61987490 2584
33149449 5860
13584861 1716
12266811 3297
7330813 6757
55040257 9714
33836955 3228
43525687 7322
54011394 6456
40643897 5022
1134595 3418
38996851 9308
92784817 6630
98836952 4139
42698826 5073
38163924 3068
39498790 1181
84241651 2539
77544223 8418
1443119 551
91163383 6280
62314554 983
27264600 336
25493399 5132
78526363 5237
77313403 8112
93824298 5153
38334904 9610
81530815 903
7810025 3722
65972389 5527
85137355 9423
45345135 7821
43619954 5406
19338093 7179
4742341 7025
51112140 5820
95691207 8875
92464564 2494
762449 8282
7004543 1468
91107818 2070
42808756 7688
18734297 3671
44835571 5874
91373471 7374
75296331 246
36127043 8230
57174056 8398
55428341 4206
20960546 8121
31624734 7208
41933707 1193
77679752 2954
94325269 4631
62521004 5079
13351459 5830
84950900 2166
60099743 6287
30592181 975
29568638 2565
47223422 8812
54316084 8825
3741480 5888
37531327 2372
39619653 9922
34074535 6684
28261120 35
16707283 7773
11273602 861
91697762 9299
9509302 5509
30954734 1160
44715504 9294
35348720 5576
12104693 9757
58141012 7873
87866568 8344
32317273 1114
38517192 9877
31213582 1422
44517907 5875
57648164 5018
20198232 2377
40169317 5736
24844534 3957
80463207 9487
61159120 4897
30844946 3128
99197025 2107
66210138 2035
39665315 1864
56510941 5495
29813266 8771
17300783 4758
27851706 7092
3099505 466
44939242 9308
86276782 1497
40398483 6947
3401485 267
23784712 756
60122752 9903
95842505 2139
29465020 9751
98571075 8157
9699816 1740
3481265 7418
39709442 1024
53714989 5850
11309715 7132
51178961 1895
23548661 6775
74242539 828
35392746 9468
59467563 4703
9828059 2172
31162569 9037
8653525 9993
81888300 1743
50763389 1944
37517726 3974
59715638 7567
5259865 1933
58564957 1685
60505105 4331
17271396 2875
67041867 3372
34619295 4795
9596439 2950
93699232 9826
88697734 6703
62629469 7284
54602751 7676
517489 6335
1217773 1903
53911099 8106
1207748 3848
68267952 9251
39132027 5608
26282201 1477
31137501 7627
29520410 3628
80207480 6845
47302300 5351
21025124 3191
18078440 3122
21636192 7853
55527572 5788
91609082 5056
70689214 2168
75384192 1880
83002815 5280
77829113 5956
26086642 6967
1908720 2185
70621204 7310
14701674 9217
97405704 5687
62840418 6016
94778440 1263
72745960 4931
52155931 6790
74599339 7519
3521510 1471
47628294 3711
11510452 9312
33983042 8425
25784088 7376
45489653 8596
85523394 3006
39727826 8520
32115840 5529
5890761 9123
67100453 7471
21399682 3095
5312766 2856
68136107 1358
80345631 9752
53162589 6733
13140726 7044
51726606 1560
57051009 1143
11244778 4703
20488401 7910
84798840 3413
28003551 96
37588307 2284
89365908 9757
49064438 3100
62012723 7602
8999790 7390
84688690 2377
28474595 9854
42363409 1005
39332976 6491
8903521 6084
29024913 1483
11722595 5920
56835356 3341
26628132 7390
52360518 3428
84268123 1794
39629451 1708
26234035 8679
86119659 7736
16442880 2785
3336427 2619
82221265 8651
86169215 2748
43556651 338
18277435 9783
92791817 266
79614729 8205
61758727 4645
79564849 7398
76404180 4453
66813319 4686
3093471 2836
26079734 9206
28041304 3890
58003810 7957
60479940 5561
97216611 1718
73227917 4063
24118396 5383
44196326 2937
42570809 2852
84595485 5272
14409981 7005
7004547 6841
93217090 9605
27140660 9304
59411775 3547
15004153 8156
33883317 3493
74898020 4192
32651999 8228
99342061 3223
11975522 6383
62998878 7169
90647706 5111
57868741 5578
36153594 1925
80734136 2697
86851328 7729
81292077 293
84675138 9788
12244098 695
59547201 1833
71998302 3830
93626154 8421
36383449 1277
37656302 1108
66980970 6472
25734487 2112
87628027 8367
37244891 1434
65762300 2246
87786695 132
24018934 8318
59710865 6120
64679455 8804
96387755 3746
92111242 4720
18966468 4736
33817767 2240
18486547 2190
32179092 1965
51982931 1734
95534825 5250
14238474 2982
60156154 5267
8391458 2494
39795413 6699
78393891 5685
64631847 8823
48243846 8427
71868551 4800
687181 8166
46023664 8651
62250424 501
57938352 5610
28906903 6469
71722834 4483
66399044 6889
30646478 6752
24458665 3597
67313467 311
56970817 1714
44649345 565
79120762 52
78201761 4303
15575906 1979
80165269 1087
40956429 4703
24612974 8774
20209423 4413
77192385 2399
32816775 1768
70857204 5111
28137949 1531
64777378 5797
3750578 5202
88679433 417
25979456 8850
41757592 2757
58774066 9826
28011247 4705
72143912 6685
54001742 2590
64612544 4563
12555839 4784
21199089 1717
28696210 3548
98173147 5588
98851446 3281
10116569 6369
33076857 166
17596387 5108
92366768 686
25875667 1575
19267229 6375
95695268 259
58814984 2462
73165383 2311
78485355 9309
92964510 9448
11435886 3112
54946522 7311
17258345 934
92817836 9648
68789305 7709
62876755 3571
54251071 5860
75445842 1312
93955737 2679
60610376 950
44902833 8056
15050194 8007
85122682 6921
54399224 6767
94034283 7352
52232761 6909
60251112 3343
25617407 5199
75525435 6431
19568870 666
50335485 3236
92532962 2624
67316626 5951
71692088 8509
61485599 5620
83609428 8879
791713 8727
99377512 3114
90051466 7016
81459674 4735
41374004 3861
7229206 6675
24934291 9397
84578890 4351
94693328 3424
31195074 3607
53789526 334
87056134 3525
9330668 2029
14301088 3686
48916649 4163
82330311 8657
5935967 3482
45099858 1986
3211231 5082
9817362 4873
65992840 2730
14404284 1730
7544313 7764
52802999 5596
69707925 4982
38498962 6142
737372 955
95523470 8726
34292638 1093
47178890 897
69830802 7085
8662643 5123
40746256 3569
69640628 3396
82684026 5100